 215  93 202 157  41 206 225 147  83  25 206  75 254 230 129 173
 247 157 243  47 221 237 143 114 234 172 231  90  38 239  38 137
 111 184 253 184 162 187 177  61 202 135 126  82  18  22 249 209
 178 231  51 204  40  69 208 248   4  63 138 168 217 186  33 103
   4 121  88 188 147 190 144 130 248  68 126 250  55 214 114 217
 238 143 137 158 179  72  70 201   0 217  58  68  67 247 219  27
  31  38 183  38 101  69 190 111 144 185 168 164  85  17 127 202
  91 216 191 110 173 162 193 164  90 153  41 246  32   9 185 167
 252  79 251  68  79 203  78  72 190 157  69   3  47 178 216 197
  45  59 170  11 129 155
